#   1 FLUX_AUTO              Flux within a Kron-like elliptical aperture                [count]
#   2 FLUXERR_AUTO           RMS error for AUTO flux                                    [count]
#   3 MAG_AUTO               Kron-like elliptical aperture magnitude                    [mag]
#   4 MAGERR_AUTO            RMS error for AUTO magnitude                               [mag]
#   5 KRON_RADIUS            Kron apertures in units of A or B                         
#   6 ISOAREA_IMAGE          Isophotal area above Analysis threshold                    [pixel**2]
#   7 X_IMAGE                Object position along x                                    [pixel]
#   8 Y_IMAGE                Object position along y                                    [pixel]
#   9 ALPHA_J2000            Right ascension of barycenter (J2000)                      [deg]
#  10 DELTA_J2000            Declination of barycenter (J2000)                          [deg]
#  11 CXX_IMAGE              Cxx object ellipse parameter                               [pixel**(-2)]
#  12 CYY_IMAGE              Cyy object ellipse parameter                               [pixel**(-2)]
#  13 CXY_IMAGE              Cxy object ellipse parameter                               [pixel**(-2)]
#  14 A_IMAGE                Profile RMS along major axis                               [pixel]
#  15 B_IMAGE                Profile RMS along minor axis                               [pixel]
#  16 THETA_IMAGE            Position angle (CCW/x)                                     [deg]
    31.97012     3.319734  -3.7619   0.1128  5.83        22   1273.5544     11.9157   0.0000000  +0.0000000   1.0785457e+00   1.1691613e-01  -4.4531959e-01     3.839     0.942  77.58
    8.446056     1.244679  -2.3166   0.1600  3.50        13   1290.5046      8.1298   0.0000000  +0.0000000   4.0743116e-01   2.2134459e+00   5.9205997e-01     1.666     0.665  -9.08
    88.75745     4.119596  -4.8705   0.0504  7.18        31   1285.2461      5.3637   0.0000000  +0.0000000   1.6073544e-01   4.5317349e-01   1.4846744e-01     2.645     1.457 -13.46
    40.26551     3.019819  -4.0123   0.0814  6.75        18   1260.4768      4.4426   0.0000000  +0.0000000   6.6821778e-01   5.1171601e-01  -9.1686821e-01     2.830     0.974  49.84
    82.12318     2.744972  -4.7862   0.0363  6.74        11   1265.6234      4.0000   0.0000000  +0.0000000   2.2554065e-01   1.5728397e+00   1.6115181e-01     2.128     0.796  -3.41
    82.79461     2.744972  -4.7950   0.0360  6.90        14   1278.1431      4.0000   0.0000000  +0.0000000   1.9442286e-01   2.3403487e+00   3.3407211e-01     2.347     0.652  -4.42
    59.86585     1.968011  -4.4429   0.0357  7.48         7   1271.7806      4.0000   0.0000000  +0.0000000   9.8164874e-01   2.4778414e+00  -1.1333592e+00     1.124     0.612  18.57
    16.38004     1.186755  -3.0358   0.0787  3.50        15   1154.9012     14.3314   0.0000000  +0.0000000   7.3956436e-01   1.2944268e+00   3.8461372e-01     1.213     0.859 -17.36
    6.391464     1.010485  -2.0140   0.1717  3.50         8   1115.2856     13.9076   0.0000000  +0.0000000   1.4622558e+00   1.9572198e+00  -2.0362928e+00     1.229     0.602  38.17
     55.4319     3.895558  -4.3594   0.0763  9.52        13   1049.5303     11.2414   0.0000000  +0.0000000   9.9707443e-01   3.5210234e-01  -1.3129701e-01     1.701     0.998  84.25
    57.76035     3.776231  -4.4041   0.0710  8.16        18   1057.0394      8.8295   0.0000000  +0.0000000   6.5900177e-01   3.0747315e-01  -2.8924555e-01     1.978     1.186  70.28
    19.97164     1.216062  -3.2510   0.0661  6.18         3   1029.0587      3.1574   0.0000000  +0.0000000   1.4314080e+00   6.0326281e+00  -4.5479643e-01     0.839     0.407   2.82
    116.2442     5.853121  -5.1634   0.0547  8.53        28   1044.9679      7.0179   0.0000000  +0.0000000   9.8988771e-02   4.6654502e-01   2.3083280e-01     3.900     1.415 -16.06
    12.75656    0.6500125  -2.7643   0.0553  3.50         4   1032.3813      3.3262   0.0000000  +0.0000000   4.6636019e+00   2.5011711e+00  -2.5743723e+00     0.725     0.436  65.01
    52.10746     1.524414  -4.2922   0.0318  6.92         6   1056.5591      3.2388   0.0000000  +0.0000000   9.8547262e-01   5.3505421e+00  -5.3391480e-01     1.016     0.432   3.49
    146.6654     1.959045  -5.4158   0.0145  8.42         8   1048.2850      3.0582   0.0000000  +0.0000000   1.7191502e-01   2.1503920e+01   1.2833986e+00     2.560     0.216  -1.72
    84.84152     2.313411  -4.8215   0.0296  5.17        29   1039.5211      3.3059   0.0000000  +0.0000000   1.7769285e-01   1.2577115e+00   1.8594675e-01     2.427     0.889  -4.88
    8.182387     1.867019  -2.2822   0.2478  7.04         8   1250.7715     11.9903   0.0000000  +0.0000000   2.0990086e+00   1.3807557e+00   1.2801244e+00     0.997     0.636 -59.65
    141.4034     5.691477  -5.3761   0.0437  8.80        34   1101.4319      9.6860   0.0000000  +0.0000000   1.9422403e-01   2.4111003e-01   6.2185369e-02     2.365     1.974 -26.49
    86.91743     2.524471  -4.8478   0.0315 13.68         5   1108.8478      4.0000   0.0000000  +0.0000000   3.5538623e-01   3.3256550e+01  -1.5297447e+00     1.721     0.173   1.33
    125.7289     3.077565  -5.2486   0.0266 12.96         4   1100.7223      4.0000   0.0000000  +0.0000000   1.7238431e-01   2.0761246e+01  -7.8529972e-01     2.463     0.219   1.09
    4.106139     1.657213  -1.5336   0.4383  5.69        10   1119.4832      7.4746   0.0000000  +0.0000000   1.3535459e+00   1.3455725e+00   3.9631099e-01     0.932     0.804 -45.58
    76.65105     4.174781  -4.7113   0.0591  8.04        23   1117.0786      4.5392   0.0000000  +0.0000000   2.3121238e-01   4.5729640e-01   3.2504094e-01     2.615     1.358 -27.59
    35.40053     7.983078  -3.8725   0.2449  9.33        23   1001.7072     10.1756   0.0000000  +0.0000000   4.7824427e-02   4.0760127e-01  -9.6389011e-02     4.910     1.554   7.50
    243.3513     3.211921  -5.9656   0.0143  8.13        18   1005.3703      3.2866   0.0000000  +0.0000000   1.7832674e-01   1.6894948e+00   9.2932530e-02     2.378     0.769  -1.76
    207.7723     2.699705  -5.7940   0.0141  4.46        50   1014.8083      3.2217   0.0000000  +0.0000000   1.5399392e-01   3.1453228e-01   5.2989077e-02     2.584     1.771  -9.13
    137.7235     2.072578  -5.3475   0.0163  5.90        11   1021.8588      3.0000   0.0000000  +0.0000000   2.4810815e-01   2.8893554e+00  -4.9293178e-01     2.107     0.586   5.29
    161.2486     5.428675  -5.5187   0.0366  5.98        85    945.9569      5.5572   0.0000000  +0.0000000   6.2460713e-02   1.7688677e-01   9.4458058e-02     4.689     2.271 -19.77
    30.68524    0.5933775  -3.7173   0.0210  3.50         3    931.9696      3.4575   0.0000000  +0.0000000   4.5929141e+00   2.6816034e+00  -2.0451260e+00     0.669     0.446  66.53
    26.29533     1.885783  -3.5497   0.0779  7.44        10    936.5994      3.2854   0.0000000  +0.0000000   8.2166934e-01   2.5234680e+00   4.4206253e-01     1.123     0.626  -7.28
    4.445609    0.6765544  -1.6198   0.1653  3.50         4   1185.3479     11.6982   0.0000000  +0.0000000   4.6030135e+00   2.2810330e+00   1.3346698e+00     0.690     0.457 -75.05
     6.87971     1.272653  -2.0939   0.2009  4.42         8   1123.3442     11.2467   0.0000000  +0.0000000   1.3525119e+00   1.3774980e+00   3.0933312e-01     0.909     0.811 -42.69
    6.568444    0.8391625  -2.0437   0.1387  3.50         6   1091.6465     11.2464   0.0000000  +0.0000000   3.9660747e+00   9.8528135e-01   2.9696730e-01     1.011     0.502 -87.16
    47.81683       2.6669  -4.1990   0.0606  9.17        11   1089.8876      7.1043   0.0000000  +0.0000000   1.3476819e+00   1.3226424e+00  -1.1441264e+00     1.145     0.724  45.63
    70.55823     4.660942  -4.6214   0.0717  7.56        28    890.6581      9.5601   0.0000000  +0.0000000   3.3627620e-01   1.7572381e-01  -1.4984787e-01     2.615     1.653  68.49
     16.3655     2.321009  -3.0348   0.1540  7.13         9    805.3109     10.5755   0.0000000  +0.0000000   1.4230963e+00   9.8651963e-01   1.1443295e+00     1.299     0.742 -55.44
    16.79761     2.097906  -3.0631   0.1356  7.13         8    728.1541     10.8283   0.0000000  +0.0000000   1.4777088e+00   1.1748947e+00  -7.2378922e-01     1.035     0.763  56.35
    16.98983     1.110108  -3.0755   0.0710  3.50        11    731.9566      3.5004   0.0000000  +0.0000000   1.3688711e+00   8.4440118e-01  -6.3490707e-01     1.200     0.812  64.78
    42.25438     4.123867  -4.0647   0.1060  7.23        30   1242.9106      9.1769   0.0000000  +0.0000000   2.1131924e-01   5.7337141e-01   1.9175854e-01     2.309     1.294 -13.95
     28.3888     2.236018  -3.6329   0.0855  6.47        12   1238.0204      7.3327   0.0000000  +0.0000000   1.1197947e+00   7.2241300e-01  -1.6993302e-01     1.191     0.938  78.42
    5.822204     1.125855  -1.9127   0.2100  4.67         6   1180.3322     10.6909   0.0000000  +0.0000000   2.7512989e+00   1.3078078e+00  -1.1974912e+00     0.957     0.581  70.16
    5.193626    0.9382122  -1.7887   0.1962  3.50         6   1182.6011      8.1767   0.0000000  +0.0000000   1.2916474e+00   1.9884994e+00   7.0442122e-01     0.935     0.684 -22.65
     24.1182     2.388298  -3.4559   0.1075  7.51         5   1175.1340     10.3037   0.0000000  +0.0000000   1.0646858e+00   1.2027634e+00  -5.8852661e-01     1.097     0.834  38.40
    309.4237      8.37062  -6.2264   0.0294 10.29        39   1135.8088      7.9027   0.0000000  +0.0000000   2.9176485e-02   7.2372824e-01   4.0925540e-02     5.916     1.175  -1.69
    187.9043     4.542343  -5.6848   0.0263  6.29        41   1160.4078      4.1999   0.0000000  +0.0000000   9.1992930e-02   2.3402716e-01  -6.9974802e-02     3.454     2.032  13.11
    194.8907     2.139453  -5.7245   0.0119  9.86         7   1151.5198      4.0000   0.0000000  +0.0000000   4.5770189e-01   1.1643196e+01   9.6814919e-01     1.513     0.293  -2.47
     130.223     2.725664  -5.2867   0.0227  7.13        17   1143.3385      4.0000   0.0000000  +0.0000000   1.5423882e-01   3.6101010e+00  -6.7614086e-02     2.549     0.526   0.56
    170.8681     4.519028  -5.5817   0.0287  8.96        20   1069.5715      3.5491   0.0000000  +0.0000000   9.3301833e-02   1.0810555e+00  -9.5643304e-02     3.315     0.961   2.77
    128.2135     6.694918  -5.2698   0.0567 10.91        16   1073.2969      8.8681   0.0000000  +0.0000000   1.0897819e-01   5.7817245e-01   3.3838455e-02     3.038     1.314  -2.06
    67.81023     2.029663  -4.5782   0.0325  9.74         3   1085.0232      4.0000   0.0000000  +0.0000000   1.9383421e+00   2.2840824e+00   5.3387266e-02     0.719     0.661  -4.39
    31.43545    0.9567925  -3.7435   0.0331  3.50         5   1080.4722      4.0000   0.0000000  +0.0000000   6.3664925e-01   2.9813569e+00   5.0204688e-01     1.280     0.577  -6.04
    6.892578     1.340035  -2.0960   0.2111  3.50        14   1032.6471     10.8715   0.0000000  +0.0000000   4.1369715e-01   1.3444711e+00  -6.6114224e-02     1.557     0.862   2.03
    18.14519    0.8598857  -3.1469   0.0515  3.50         5    986.0059     11.0075   0.0000000  +0.0000000   2.0088451e+00   1.9415017e+00  -8.6404741e-02     0.722     0.702  63.97
    25.08911      2.53838  -3.4987   0.1099  7.09        15    921.3831      6.1342   0.0000000  +0.0000000   1.1234727e+00   6.4991075e-01   9.3479836e-01     1.660     0.842 -58.43
    20.87842     1.876424  -3.2992   0.0976  7.21         7    915.7919      4.3273   0.0000000  +0.0000000   1.3772634e+00   1.4705518e+00   4.2778313e-01     0.911     0.780 -38.85
    23.56576      2.37351  -3.4307   0.1094  6.75         9    832.9871      8.1628   0.0000000  +0.0000000   1.0699041e+00   7.5984049e-01  -2.4392070e-01     1.180     0.948  70.90
    25.31997     3.106035  -3.5087   0.1332  6.65        15    836.6282     10.4658   0.0000000  +0.0000000   1.4905295e+00   1.5891875e-01   5.2796870e-01     3.036     0.806 -79.19
    65.40708     4.432494  -4.5391   0.0736  7.17        33    853.1872      9.1328   0.0000000  +0.0000000   8.0014370e-02   1.1008080e+00   1.4196680e-01     3.649     0.951  -3.96
    81.46253     4.157879  -4.7774   0.0554  6.98        28    856.8107      4.3392   0.0000000  +0.0000000   8.3385751e-02   7.5560278e-01  -6.0902134e-02     3.492     1.149   2.59
    81.10225     2.706218  -4.7726   0.0362  6.77        14    847.4902      4.0000   0.0000000  +0.0000000   1.7650193e-01   3.0897400e+00   6.2272000e-01     2.639     0.566  -6.03
     40.0546     2.046937  -4.0066   0.0555  7.58         7    840.4355      4.0000   0.0000000  +0.0000000   6.9501567e-01   3.0200129e+00  -1.8762171e-01     1.203     0.575   2.31
     5.00575     1.201498  -1.7487   0.2607  6.17         4    772.9724     11.0393   0.0000000  +0.0000000   3.2299283e+00   2.6613231e+00  -1.8681044e-02     0.613     0.556  89.06
    15.66759     1.931897  -2.9875   0.1339  6.37         7    735.4611     10.6994   0.0000000  +0.0000000   1.2029798e+00   1.6580132e+00   1.4319210e+00     1.213     0.677 -36.19
    18.84137     2.579657  -3.1878   0.1487  7.01         9    713.0178      9.9263   0.0000000  +0.0000000   1.4722341e+00   5.1248825e-01  -6.4867681e-01     1.556     0.798  72.97
    100.7085     2.559102  -5.0077   0.0276  5.08        30    720.6279      3.4012   0.0000000  +0.0000000   8.9061335e-02   1.9667084e+00   1.1680171e-01     3.386     0.713  -1.78
    104.4386     5.669783  -5.0472   0.0590  8.00        25    350.1051      6.3351   0.0000000  +0.0000000   1.5082960e-01   1.6329202e-01  -9.6773975e-02     3.039     2.204  41.33
    4.081407    0.6500125  -1.5270   0.1730  3.50         4     27.3696     11.2039   0.0000000  +0.0000000   4.7657080e+00   2.0414836e+00  -1.9674251e+00     0.762     0.444  72.08
    67.02747     6.440265  -4.5656   0.1043  9.40        18   1302.1359      9.9554   0.0000000  +0.0000000   1.1358141e-01   3.3330593e-01   1.3273105e-01     3.243     1.686 -15.57
    52.67754     2.251709  -4.3041   0.0464  7.20        13   1299.4017      4.1104   0.0000000  +0.0000000   4.7914866e-01   2.3466825e+00   4.0096453e-01     1.478     0.650  -6.06
    66.85155     2.243877  -4.5628   0.0365  6.31        11   1304.9484      4.0000   0.0000000  +0.0000000   5.1761734e-01   1.0237137e+00   4.6084035e-02     1.391     0.988  -2.60
    10.40446     1.404187  -2.5430   0.1466  3.50        17   1151.2147      9.4424   0.0000000  +0.0000000   2.7349526e-01   1.8780110e+00   3.0412230e-01     1.964     0.727  -5.37
    8.907196     1.286412  -2.3744   0.1568  3.50        12    991.0112      8.5658   0.0000000  +0.0000000   6.5277261e-01   1.4066019e+00   1.0758231e+00     1.638     0.770 -27.49
    22.35537     2.906944  -3.3735   0.1412  7.57        11    964.0355      8.7824   0.0000000  +0.0000000   8.7987971e-01   8.3383870e-01   8.8764894e-01     1.557     0.877 -46.48
    23.12334      2.33613  -3.4101   0.1097  5.84        14    968.5708      3.6136   0.0000000  +0.0000000   6.2650561e-01   3.9703697e-01  -2.0621257e-01     1.672     1.225  69.03
     46.7658     2.029663  -4.1748   0.0471  3.50        28    976.5635      3.2421   0.0000000  +0.0000000   1.2472373e-01   7.7168161e-01  -2.1968636e-01     3.063     1.125   9.38
    9.137731     1.667802  -2.4021   0.1982  5.45         9    828.1990      8.9652   0.0000000  +0.0000000   2.3119266e+00   6.6406661e-01  -8.3872968e-01     1.332     0.644  76.51
    38.46829       2.2043  -3.9628   0.0622  9.56         5    170.3889      4.0841   0.0000000  +0.0000000   3.3443305e-01   1.3135699e+01  -4.4627434e-01     1.739     0.276   1.00
     85.1339     3.277034  -4.8253   0.0418  8.11        15    140.3127      4.0791   0.0000000  +0.0000000   9.6436515e-02   4.8264871e+00   2.7448446e-01     3.289     0.455  -1.66
    66.71851     4.136654  -4.5606   0.0673  7.48        25    163.2213      4.1326   0.0000000  +0.0000000   4.0650454e-01   1.7145497e-01  -2.9422539e-01     3.151     1.447  64.31
    51.35653     2.236018  -4.2765   0.0473  9.23         6    157.0620      4.0000   0.0000000  +0.0000000   2.9539078e-01   1.4712741e+01   1.8090020e+00     2.046     0.260  -3.58
    47.60669     2.482276  -4.1942   0.0566  6.98         6    128.7770      3.4943   0.0000000  +0.0000000   5.7616222e-01   3.5708525e+00  -2.5858855e+00     3.241     0.497  20.41
    48.46626     2.212272  -4.2136   0.0496  8.06         9    122.9916      3.2504   0.0000000  +0.0000000   4.4643509e-01   4.1282821e+00   4.5938730e-01     1.521     0.491  -3.56
     22.5172     2.660291  -3.3813   0.1283  7.54        11     51.9344      8.3770   0.0000000  +0.0000000   1.2794311e+00   8.8139546e-01  -1.3250021e+00     1.604     0.751  53.36
    6.671892     1.678325  -2.0606   0.2732  8.56         4     45.1607      9.7597   0.0000000  +0.0000000   4.5814204e+00   4.7536120e+00  -7.3320217e+00     1.000     0.346  44.33
    143.9146     2.686631  -5.3953   0.0203  8.93         9   1214.9939      4.1466   0.0000000  +0.0000000   2.5431502e-01   6.0551972e+00  -4.9603790e-01     2.026     0.406   2.44
     29.2344     3.094678  -3.6647   0.1150  8.21        14   1187.2898      7.6297   0.0000000  +0.0000000   6.2944746e-01   1.6397040e+00  -1.3907655e+00     1.907     0.708  27.00
    49.50533     2.579657  -4.2366   0.0566  5.79        17   1188.0569      4.1972   0.0000000  +0.0000000   1.7190474e-01   1.5932513e+00  -6.3891485e-02     2.417     0.792   1.29
    139.1846     3.794833  -5.3590   0.0296  5.69        32    306.0635      3.4861   0.0000000  +0.0000000   9.0896726e-02   4.3074623e-01  -2.0073920e-01     3.969     1.477  15.28
    36.74516     2.298141  -3.9130   0.0679  6.56        13    321.8215      3.3149   0.0000000  +0.0000000   7.8597593e-01   1.2068679e+00   1.4886929e+00     2.118     0.752 -37.11
    71.23808     2.012241  -4.6318   0.0307  7.94         6    317.9519      3.0000   0.0000000  +0.0000000   6.8968892e-01   3.1437435e+00   2.9382184e-01     1.212     0.563  -3.41
    84.01519     2.212272  -4.8109   0.0286  7.03         9   1226.5315      4.0000   0.0000000  +0.0000000   4.6988881e-01   2.2322342e+00  -1.6883960e-01     1.465     0.669   2.74
    78.63442     2.089498  -4.7390   0.0289  8.30         7   1221.9650      4.0000   0.0000000  +0.0000000   8.6332124e-01   3.2606678e+00  -1.0050398e+00     1.145     0.545  11.37
    32.14326     2.439352  -3.7677   0.0824  7.56         9   1198.2178      4.3999   0.0000000  +0.0000000   1.1811672e+00   7.1005720e-01  -9.4747543e-01     1.549     0.823  58.22
    144.8071     6.636815  -5.4020   0.0498  8.92        45   1216.3234      8.1095   0.0000000  +0.0000000   4.6224210e-02   8.6104625e-01   1.5682007e-01     5.080     1.073  -5.45
    72.21587     2.089498  -4.6466   0.0314  9.30         5   1203.3882      4.1743   0.0000000  +0.0000000   6.7323732e-01   7.2747869e+00   4.8230872e-01     1.227     0.371  -2.09
      53.884     3.904586  -4.3286   0.0787  5.73        16   1172.3472      5.1087   0.0000000  +0.0000000   4.2164800e-01   4.3181452e-01   8.0110192e-01     6.184     1.099 -44.64
     73.3702     3.909092  -4.6638   0.0579  8.68        19    909.1210      7.0035   0.0000000  +0.0000000   3.9544120e-01   5.0539589e-01  -4.4831607e-02     1.599     1.401  11.09
    7.991626    0.9567925  -2.2566   0.1300  3.50         6    795.2492      8.0120   0.0000000  +0.0000000   1.2410606e+00   1.8998731e+00   1.3108619e-01     0.900     0.724  -5.63
    17.56591     1.441309  -3.1117   0.0891  3.50        21    744.1107      4.7742   0.0000000  +0.0000000   1.1222785e+00   5.4705781e-01  -9.8067611e-01     1.938     0.844  60.20
     38.5836     3.434421  -3.9660   0.0967  6.53        25    675.1495      4.2071   0.0000000  +0.0000000   3.4408545e-01   4.1277215e-01   5.4042453e-01     3.071     1.240 -41.38
    49.36174     3.260878  -4.2335   0.0717  7.18        15    666.8352      4.0891   0.0000000  +0.0000000   2.0581341e-01   8.6671805e-01   1.7708586e-01     2.269     1.067  -7.50
    14.74319     1.976936  -2.9215   0.1456  7.86         6    514.6392      7.8281   0.0000000  +0.0000000   1.2385948e+00   4.1120510e+00   2.9195852e+00     1.263     0.460 -22.73
    109.8253      5.03847  -5.1018   0.0498  9.01        15    358.7696      6.3995   0.0000000  +0.0000000   1.3215075e-01   7.8440893e-01  -2.8366423e-01     3.121     1.108  11.75
    89.16346     3.900075  -4.8755   0.0475  7.38        21    368.4510      4.0000   0.0000000  +0.0000000   1.8099345e-01   4.1855198e-01   7.8477792e-02     2.393     1.534  -9.14
    94.01974     3.609375  -4.9330   0.0417  7.50        13    147.9948      4.0000   0.0000000  +0.0000000   1.7493646e-01   1.1468955e+00  -5.4142046e-01     3.092     0.906  14.56
    31.42222     2.931069  -3.7431   0.1013  7.58        14    816.3085      5.0497   0.0000000  +0.0000000   4.8565322e-01   7.6284766e-01  -4.3263268e-02     1.437     1.144   4.44
     2.50364     1.646556  -0.9964   0.7142  7.07         4    596.0243      7.2579   0.0000000  +0.0000000   1.8164092e+00   2.2909000e+00   1.5558411e-01     0.745     0.659  -9.08
     104.917     2.851918  -5.0521   0.0295  4.34        31    552.9261      3.1565   0.0000000  +0.0000000   7.3411874e-02   5.4944950e-01  -4.5780417e-02     3.719     1.348   2.75
    131.9493     2.453743  -5.3010   0.0202  7.51        15    583.3237      3.1443   0.0000000  +0.0000000   2.7631876e-01   3.2130299e+00   6.6778809e-01     2.046     0.555  -6.41
     138.033     2.139453  -5.3500   0.0168  7.62         7    576.8590      3.0000   0.0000000  +0.0000000   3.3082354e-01   5.7013364e+00   6.7557150e-01     1.797     0.418  -3.58
    193.4372     2.572824  -5.7164   0.0144  7.88         9    567.9875      3.0000   0.0000000  +0.0000000   2.0085324e-01   4.0741301e+00  -1.7997418e-01     2.243     0.495   1.33
    144.8821      2.37351  -5.4025   0.0178  7.80         9    560.8102      3.0000   0.0000000  +0.0000000   3.4255379e-01   2.8663154e+00  -1.8608993e-01     1.717     0.590   2.11
    86.26443     3.031456  -4.8396   0.0382  6.25        28    419.1250      3.9567   0.0000000  +0.0000000   2.3440908e-01   5.6534314e-01   1.6123246e-01     2.153     1.309 -12.99
    41.21667     2.545306  -4.0377   0.0671  7.87        12    250.8407      4.3128   0.0000000  +0.0000000   6.6119361e-01   1.8616403e+00   1.4185504e+00     1.735     0.676 -24.88
     52.9787     2.906944  -4.3103   0.0596  7.64        11    245.0205      4.0000   0.0000000  +0.0000000   1.7630668e-01   3.2775416e+00   3.4006482e-01     2.447     0.552  -3.13
    30.26564     2.660291  -3.7024   0.0955  7.12        12     57.9111      5.2697   0.0000000  +0.0000000   6.2780923e-01   7.7358884e-01   4.4975317e-01     1.468     1.033 -36.02
    13.30504     1.985821  -2.8100   0.1621  7.41         8   1252.8585      4.7621   0.0000000  +0.0000000   1.4494139e+00   1.3922638e+00   1.2333701e+00     1.116     0.700 -46.33
    27.31756     2.212272  -3.5911   0.0879  7.19         9    494.9066      4.2044   0.0000000  +0.0000000   8.1156600e-01   1.4771342e+00  -1.0111395e+00     1.362     0.756  28.32
    36.94469     2.620284  -3.9189   0.0770  7.67        12     43.3622      4.8965   0.0000000  +0.0000000   6.9842201e-01   8.6274177e-01   1.6966291e-01     1.229     1.055 -22.96
    12.34742     1.750212  -2.7289   0.1539  8.14         4     48.0176      4.0000   0.0000000  +0.0000000   8.8761610e-01   1.0426658e+01   3.5817747e+00     1.333     0.305 -10.29
    22.13105     1.353109  -3.3625   0.0664  7.14         4     30.7270      3.2299   0.0000000  +0.0000000   1.8706949e+00   4.9433851e+00  -3.4511998e-01     0.733     0.449   3.20
    77.21687     1.729978  -4.7193   0.0243  6.53        10    954.7006      3.3180   0.0000000  +0.0000000   7.0543861e-01   3.0864036e+00  -4.3886587e-01     1.208     0.567   5.22
    120.3968     3.734037  -5.2015   0.0337  7.20        28    796.3054      3.6443   0.0000000  +0.0000000   9.0527900e-02   1.3046113e+00   2.3348708e-01     3.549     0.872  -5.44
    39.96166     3.088984  -4.0041   0.0839  7.91        12    689.0883      4.3471   0.0000000  +0.0000000   1.5415512e-01   3.4166131e+00  -3.3624545e-01     2.621     0.540   2.94
    14.62736     2.468051  -2.9129   0.1832  8.16         7    468.1712      4.1663   0.0000000  +0.0000000   7.2112983e-01   2.6864614e+00  -1.9816942e+00     1.801     0.568  22.62
    58.78257     2.833339  -4.4231   0.0523  7.71        11    385.1458      4.0923   0.0000000  +0.0000000   2.3482797e-01   2.4470255e+00   1.5494390e-01     2.076     0.639  -2.00
    105.1668     3.260878  -5.0547   0.0337  8.35        15    295.6742      3.6202   0.0000000  +0.0000000   2.2181053e-01   1.5676161e+00   3.3825237e-01     2.231     0.793  -7.05
      8.7852     1.441309  -2.3594   0.1782  5.15         9    221.4715      3.6664   0.0000000  +0.0000000   1.3154765e+00   1.1006589e+00  -1.0931949e-01     0.959     0.868  76.51
    12.10094     1.300025  -2.7070   0.1167  7.18         4    224.8394      3.2680   0.0000000  +0.0000000   2.2438414e+00   5.5109954e+00   1.9257060e+00     0.710     0.416 -15.26
    1.685104    0.5629273  -0.5666   0.3628  3.50         2   1245.4467      4.1095   0.0000000  +0.0000000   1.5326164e+00   1.0848648e+01  -1.9045349e+00     0.834     0.302   5.78
     11.2375     1.061466  -2.6267   0.1026  5.93         4   1132.0339      4.2040   0.0000000  +0.0000000   2.0413227e+00   6.7907581e+00  -2.2720048e+00     0.749     0.377  12.78
    9.270479    0.6223395  -2.4178   0.0729  3.50         3   1061.4222      3.4226   0.0000000  +0.0000000   4.2099280e+00   2.6654499e+00   1.0867771e+00     0.633     0.478 -72.43
    63.77833     1.201498  -4.5117   0.0205  3.50        14    991.3103      3.2704   0.0000000  +0.0000000   1.7659357e-01   4.7483368e+00  -3.9732207e-02     2.380     0.459   0.25
    33.44814     3.008137  -3.8109   0.0977  5.73        18    873.1069      5.0204   0.0000000  +0.0000000   2.5137749e-01   5.9720510e-01  -4.0822190e-01     2.526     1.202  24.87
    26.93778     2.212272  -3.5759   0.0892  7.98        10    770.3572      4.3664   0.0000000  +0.0000000   1.4252099e+00   1.9259135e+00   2.3656912e+00     1.464     0.589 -39.02
    58.19153     2.172118  -4.4121   0.0405  8.76         7    782.2280      3.3226   0.0000000  +0.0000000   7.7521211e-01   4.0099974e+00  -1.7347814e+00     1.340     0.486  14.10
    40.82062     1.272653  -4.0272   0.0339  4.35         8    762.0110      3.0000   0.0000000  +0.0000000   7.7513707e-01   2.3679204e+00  -1.0897455e+00     1.284     0.628  17.19
    44.09238     1.848064  -4.1109   0.0455  6.87        10    758.0029      3.0000   0.0000000  +0.0000000   6.9084895e-01   2.4845684e+00  -1.0839554e-01     1.205     0.634   1.73
    13.32732     2.097906  -2.8119   0.1710  7.22         8    462.7822     10.8271   0.0000000  +0.0000000   1.0105757e+00   1.8402181e+00  -4.9222586e-01     1.030     0.724  15.34
    70.25413     2.613557  -4.6167   0.0404  8.92        11    653.9324      4.0000   0.0000000  +0.0000000   1.6035323e-01   9.9302502e+00  -5.0143248e-01     2.549     0.317   1.47
    38.97318     2.188268  -3.9769   0.0610  9.04         7    639.0165      4.2336   0.0000000  +0.0000000   6.4418238e-01   5.5929756e+00   1.2980546e-01     1.247     0.423  -0.75
    19.63798     1.913585  -3.2327   0.1058  6.88         8    434.8813      3.0000   0.0000000  +0.0000000   4.6318612e-01   3.5619566e+00   9.3497626e-02     1.470     0.530  -0.86
    46.73698     2.097906  -4.1742   0.0487  7.11         8    430.3597      3.0000   0.0000000  +0.0000000   6.2285787e-01   2.1834810e+00   1.2831682e+00     1.595     0.644 -19.71
     84.8761     3.863794  -4.8220   0.0494  7.64        19    257.9889      4.1620   0.0000000  +0.0000000   2.6240987e-01   5.2990478e-01  -4.6496236e-01     2.796     1.227  30.04
     101.407      2.53838  -5.0152   0.0272  8.06        14    338.0751      3.3683   0.0000000  +0.0000000   2.8604248e-01   3.3894556e+00   2.8464007e-01     1.891     0.543  -2.62
    28.75912      2.53838  -3.6469   0.0959  8.00        10    284.0804      4.1979   0.0000000  +0.0000000   1.8476917e-01   8.7445574e+00  -1.3438969e+00     2.749     0.337   4.46
    18.25531    0.8598857  -3.1535   0.0512  3.50         7    207.6480      3.4405   0.0000000  +0.0000000   1.1525357e+00   2.5642152e+00   8.7378830e-02     0.932     0.624  -1.77
    5.708974     1.010485  -1.8914   0.1922  3.50         6    199.9667      3.6148   0.0000000  +0.0000000   8.7696624e-01   2.7449231e+00  -1.5756441e+00     1.303     0.574  20.07
    24.55837     1.904363  -3.4755   0.0842  7.06         9    193.1655      3.6693   0.0000000  +0.0000000   9.0476829e-01   2.2352614e+00  -1.1587560e+00     1.206     0.639  20.53
    163.5856     3.071839  -5.5344   0.0204  5.98        23     97.1211      3.0000   0.0000000  +0.0000000   6.4384595e-02   2.0800080e+00   4.8342150e-02     3.950     0.693  -0.69
    40.26896     2.251709  -4.0124   0.0607  8.39         8     70.9745      4.1996   0.0000000  +0.0000000   3.9239097e-01   6.8867025e+00  -9.9180478e-01     1.679     0.380   4.34
    15.89795     1.353109  -3.0034   0.0924  4.76         9     21.2925      3.6227   0.0000000  +0.0000000   9.1822046e-01   2.2707813e+00   1.0349606e+00     1.160     0.639 -18.71
    7.969264    0.5933775  -2.2535   0.0809  3.50         2    752.2455      3.1802   0.0000000  +0.0000000   2.5493417e+00   6.9708266e+00  -1.4334924e+00     0.641     0.376   8.98
    19.97307     1.922763  -3.2511   0.1045  9.33         3    622.9244      4.0000   0.0000000  +0.0000000   5.4844296e-01   1.2000005e+01  -0.0000000e+00     1.350     0.289   0.00
    46.62197     2.003473  -4.1715   0.0467  7.14         7    610.9493      3.2171   0.0000000  +0.0000000   3.3931255e-01   5.9095411e+00  -1.8746048e-01     1.721     0.411   0.96
    81.51157     2.673493  -4.7780   0.0356  8.60        12    600.2976      3.2073   0.0000000  +0.0000000   2.2668965e-01   5.2141914e+00   6.1982286e-01     2.195     0.437  -3.54
    60.20692     1.489366  -4.4491   0.0269  7.08         5    594.1598      3.2458   0.0000000  +0.0000000   1.0879120e+00   5.5261931e+00   2.3554653e-01     0.960     0.425  -1.52
    12.57562     1.614161  -2.7488   0.1394  7.03         6    399.9745      4.5297   0.0000000  +0.0000000   1.8493110e+00   2.3710651e+00  -2.0463575e-01     0.739     0.647  10.71
     36.4203     1.477498  -3.9034   0.0441  6.05         7    329.8104      3.2571   0.0000000  +0.0000000   6.4784890e-01   5.2390852e+00  -1.0289924e-01     1.243     0.437   0.64
    83.18634     1.885783  -4.8001   0.0246  6.67        10     88.5624      3.0991   0.0000000  +0.0000000   6.2264228e-01   2.4080718e+00   5.7164055e-01     1.315     0.639  -8.88
   0.8543978    0.6223395   0.1708   0.7910  3.50         2    454.9092      3.0000   0.0000000  +0.0000000   5.8201480e-01   1.2000005e+01  -0.0000000e+00     1.311     0.289   0.00
    11.96118     1.201498  -2.6944   0.1091  5.94         3   1223.1133     57.0000   0.0000000  +0.0000000   5.7940274e-01   1.2000005e+01  -0.0000000e+00     1.314     0.289   0.00
    18.60466    0.8999015  -3.1741   0.0525  3.50         8   1025.4198     58.4911   0.0000000  +0.0000000   6.2335765e-01   3.0103796e+00   3.5431084e-01     1.280     0.575  -4.22
    2.708481    0.8391625  -1.0818   0.3365  3.50         8    959.2523     58.3844   0.0000000  +0.0000000   9.6129131e-01   2.4064243e+00  -5.7582927e-01     1.051     0.637  10.86
    6.010528    0.7736696  -1.9473   0.1398  3.50         8    949.3347     58.5512   0.0000000  +0.0000000   9.4978404e-01   4.0483871e+00  -1.5103044e-01     1.027     0.497   1.40
    2.967125    0.6500125  -1.1808   0.2379  3.50         4    921.1412     58.5523   0.0000000  +0.0000000   1.9001752e+00   4.0616827e+00   3.6340263e-01     0.728     0.495  -4.77
     4.67325    0.6765544  -1.6740   0.1572  3.50         2    753.0839     58.4512   0.0000000  +0.0000000   2.3996413e+00   2.7021282e+00  -4.4861920e-02     0.646     0.608   4.22
    4.925117    0.8801211  -1.7310   0.1941  3.50         9    720.2265     58.4838   0.0000000  +0.0000000   7.1707559e-01   3.2415676e+00   2.1504396e-01     1.185     0.555  -2.43
    6.538369    0.7267361  -2.0387   0.1207  3.50         4    696.4532     58.5163   0.0000000  +0.0000000   1.3004422e+00   4.0042253e+00   2.2052132e-02     0.877     0.500  -0.23
    11.93017    0.7960994  -2.6916   0.0725  3.50         8    693.0897     58.3597   0.0000000  +0.0000000   1.8274683e+00   1.8293979e+00  -7.3354647e-02     0.747     0.732  44.25
    13.58443    0.5933775  -2.8326   0.0474  3.50         4    590.5273     58.4410   0.0000000  +0.0000000   4.0121036e+00   2.5190647e+00   3.0458380e-02     0.630     0.499 -89.42
    4.614572    0.6223395  -1.6603   0.1465  3.50         3    586.4427     58.3549   0.0000000  +0.0000000   4.3451076e+00   2.3867664e+00  -1.6696079e+00     0.694     0.464  69.78
    5.340832    0.6223395  -1.8190   0.1265  3.50         4    567.5839     58.4134   0.0000000  +0.0000000   4.2335052e+00   2.6048222e+00   1.1066155e+00     0.641     0.477 -72.90
    20.17759     1.201498  -3.2622   0.0647  3.50        18    548.2448     58.3509   0.0000000  +0.0000000   2.2818261e-01   2.2908795e+00  -1.9953185e-01     2.116     0.660   2.76
    11.75096    0.7960994  -2.6752   0.0736  3.50         8    440.9958     58.2247   0.0000000  +0.0000000   1.7641317e+00   1.8154132e+00   1.3283359e-01     0.763     0.733 -34.45
    12.22751    0.7960994  -2.7183   0.0707  3.50         7    407.9143     58.2441   0.0000000  +0.0000000   1.8245190e+00   1.9180027e+00   8.3871230e-02     0.744     0.719 -20.95
    5.081495    0.7736696  -1.7650   0.1653  3.50         5    398.9275     58.0133   0.0000000  +0.0000000   2.2979949e+00   2.6310217e+00  -3.2935414e+00     1.112     0.493  42.11
    9.140662    0.8391625  -2.4024   0.0997  3.50         9    328.6006     58.2479   0.0000000  +0.0000000   1.3503404e+00   1.8889165e+00   1.9585443e-01     0.866     0.724  -9.99
    21.06402      1.02776  -3.3089   0.0530  3.50        13    321.6570     58.3722   0.0000000  +0.0000000   4.0746707e-01   2.2406559e+00  -3.3958901e-02     1.567     0.668   0.53
    3.529105    0.5933775  -1.3692   0.1826  3.50         4    213.2153     58.6019   0.0000000  +0.0000000   2.8884153e+00   4.3062725e+00   1.2385325e+00     0.614     0.469 -20.57
    3.895179    0.7505698  -1.4763   0.2093  3.50         7    194.2765     58.5590   0.0000000  +0.0000000   1.0987235e+00   4.2445369e+00  -9.0895677e-01     0.983     0.482   8.06
    17.08764    0.6500125  -3.0817   0.0413  3.50         6    119.3614     58.4358   0.0000000  +0.0000000   2.4885244e+00   2.4391351e+00   3.3255553e-01     0.660     0.616 -49.22
     6.58208    0.8598857  -2.0459   0.1419  3.50         6     92.0857     58.5303   0.0000000  +0.0000000   6.7547542e-01   4.0147834e+00   9.1575542e-03     1.217     0.499  -0.08
    5.026339    0.7505698  -1.7531   0.1622  3.50         4   1154.0345     56.3298   0.0000000  +0.0000000   3.4133871e+00   2.2643969e+00  -2.3466294e+00     0.808     0.491  58.04
    4.788259     1.171827  -1.7004   0.2658  4.57         5    844.9603     56.3994   0.0000000  +0.0000000   1.3626333e+00   4.4723287e+00   3.6071227e+00     1.366     0.434 -24.62
    5.532647    0.9567925  -1.8573   0.1878  4.43         5    495.2052     55.8190   0.0000000  +0.0000000   3.0309942e+00   3.1127560e+00   3.9671152e+00     0.959     0.445 -44.41
    47.14028     2.919031  -4.1835   0.0672  3.50        60    251.9332     52.1343   0.0000000  +0.0000000   4.0457092e-02   6.4545238e-01  -9.6355081e-03     4.974     1.245   0.46
    8.071147    0.7505698  -2.2673   0.1010  3.50         5    809.7722     55.2511   0.0000000  +0.0000000   2.7511299e+00   2.8920655e+00   2.4256020e+00     0.789     0.498 -43.34
    5.120301     1.489366  -1.7732   0.3159  6.36         5   1171.5706     18.8387   0.0000000  +0.0000000   5.3956866e+00   4.1546988e+00   8.5758858e+00     1.503     0.331 -49.12
      3.9532    0.7267361  -1.4924   0.1996  3.50         4   1114.4821     19.4849   0.0000000  +0.0000000   1.8438878e+00   4.6158419e+00  -2.0455821e+00     0.815     0.449  18.21
    5.543365    0.8999015  -1.8594   0.1763  3.50         3   1111.2306     16.8177   0.0000000  +0.0000000   3.6521053e+00   1.5040612e+00  -3.1075306e+00     1.205     0.473  62.33
    4.560976    0.7505698  -1.6476   0.1787  3.50         5   1210.6759     17.7754   0.0000000  +0.0000000   5.8346086e+00   1.0829000e+00   2.3449843e+00     1.112     0.405 -76.87
    5.245641     1.340035  -1.7995   0.2774  7.06         3    784.7653     18.6079   0.0000000  +0.0000000   2.1367552e+00   4.5260944e+00  -1.6815037e+00     0.731     0.457  17.57
    16.19982     1.300025  -3.0238   0.0872  3.53        17    681.0449     52.2294   0.0000000  +0.0000000   7.2665751e-01   8.9242160e-01   4.1681431e-02     1.175     1.057  -7.06
    5.645217     1.326832  -1.8792   0.2552  3.50         7   1278.4468     50.5490   0.0000000  +0.0000000   2.1974125e+00   4.7392616e-01   1.3174102e+00     1.996     0.643 -71.30
    10.67419     1.809558  -2.5708   0.1841  6.61         8    331.3652     52.3304   0.0000000  +0.0000000   4.8822486e-01   4.6896629e+00   5.7548952e-01     1.461     0.461  -3.90
  -0.1393107    0.9382122  99.0000  99.0000  0.00         5   1290.0334     48.0000   0.0000000  +0.0000000   9.0235645e-01   2.8340211e+00  -6.4204700e-02     1.053     0.594   0.95
    8.173125     1.171827  -2.2810   0.1557  3.50         9   1286.4438     47.5329   0.0000000  +0.0000000   2.1293600e+00   1.7228835e+00   3.2844641e+00     1.920     0.528 -48.53
    4.865851    0.7960994  -1.7179   0.1777  3.50         5   1256.9271     48.3015   0.0000000  +0.0000000   1.9646492e+00   2.2720981e+00  -5.5086717e-02     0.714     0.663   5.08
    3.961521    0.7267361  -1.4947   0.1992  3.50         4   1016.5660     48.1214   0.0000000  +0.0000000   4.0834136e+00   1.9362998e+00   3.0942625e-01     0.721     0.494 -85.90
    9.603116    0.9750187  -2.4560   0.1103  3.50         8   1004.3883     48.0257   0.0000000  +0.0000000   1.0640483e+00   1.9505161e+00   1.1582370e-01     0.971     0.715  -3.72
    7.581153    0.8391625  -2.1993   0.1202  3.50         3    981.3583     48.0916   0.0000000  +0.0000000   1.6389072e+00   2.3286543e+00   5.1251090e-01     0.802     0.644 -18.31
    9.381245     1.044749  -2.4307   0.1209  3.50        10    811.0171     46.3483   0.0000000  +0.0000000   2.0174696e+00   8.9595467e-01   4.3109328e-01     1.081     0.697 -79.49
     6.02957    0.7505698  -1.9507   0.1352  3.50         4    761.6515     48.0794   0.0000000  +0.0000000   2.4811630e+00   2.2174001e+00   3.0784473e-01     0.683     0.626 -65.30
    13.09461     1.366058  -2.7927   0.1133  3.50        12    595.9872     48.1515   0.0000000  +0.0000000   2.7130982e-01   2.1437380e+00  -6.6385485e-02     1.922     0.683   1.02
    2.698888    0.9382122  -1.0780   0.3775  3.50         7    587.2822     48.3690   0.0000000  +0.0000000   6.6331154e-01   4.3993611e+00  -5.2635860e-01     1.245     0.476   4.01
    13.43928     1.512822  -2.8209   0.1222  3.50        15    578.2045     48.0055   0.0000000  +0.0000000   1.7818078e-01   2.1460397e+00   7.4919336e-02     2.374     0.683  -1.09
    4.015794    0.7505698  -1.5094   0.2030  3.50         3    558.7961     48.0122   0.0000000  +0.0000000   2.5276470e+00   2.2589107e+00  -2.0283649e-02     0.665     0.629  87.84
     7.33324    0.7505698  -2.1632   0.1112  3.50         6    325.4534     48.0399   0.0000000  +0.0000000   2.0587173e+00   2.1132059e+00   2.2505771e-03     0.697     0.688  -1.18
    10.26606    0.9567925  -2.5285   0.1012  3.50         7    256.0971     47.3534   0.0000000  +0.0000000   1.8394287e+00   1.1067057e+00  -4.0998276e-02     0.951     0.737  88.40
    5.445839    0.9929104  -1.8402   0.1980  3.50         6    110.5172     48.1818   0.0000000  +0.0000000   7.5428712e-01   2.5239298e+00   1.8044889e-01     1.155     0.629  -2.91
    5.142807    0.7020937  -1.7780   0.1483  3.50         5   1205.6721     47.4489   0.0000000  +0.0000000   2.3869913e+00   4.2805281e+00   1.5086753e+00     0.686     0.469 -19.27
     4.95551    0.7505698  -1.7377   0.1645  3.50         6   1104.9353     47.4973   0.0000000  +0.0000000   1.7468426e+00   4.0001526e+00  -1.6196277e-02     0.757     0.500   0.21
    2.412288    0.6765544  -0.9561   0.3046  3.50         5    912.8007     47.6273   0.0000000  +0.0000000   2.3303790e+00   4.5109515e+00  -1.4758800e+00     0.689     0.459  17.05
    4.451875    0.7505698  -1.6214   0.1831  3.50         4    747.6969     39.9071   0.0000000  +0.0000000   2.4899399e+00   2.1824887e+00  -8.5235216e-02     0.678     0.633  82.25
    4.907817    0.7736696  -1.7272   0.1712  3.50         6   1184.6461     39.0474   0.0000000  +0.0000000   2.2567346e+00   2.0739441e+00   2.5831196e-01     0.706     0.656 -62.64
    8.828962     1.272653  -2.3648   0.1565  4.24         9   1190.2408     27.2091   0.0000000  +0.0000000   1.1380420e+00   1.9663069e+00   1.7947574e+00     1.332     0.627 -32.61
    7.027003     1.186755  -2.1169   0.1834  5.02         8   1121.4623     21.4817   0.0000000  +0.0000000   4.0436249e+00   8.2572955e-01   2.6147929e-01     1.104     0.497 -87.68
    6.314265     1.258744  -2.0008   0.2165  4.58         6   1239.1199     19.3873   0.0000000  +0.0000000   2.6793299e+00   1.1575562e+00  -1.6940739e+00     1.132     0.572  65.97
    4.748244    0.7020937  -1.6913   0.1606  3.50         4   1133.5778     19.7727   0.0000000  +0.0000000   4.9461913e+00   2.1143806e+00  -2.6763513e+00     0.795     0.427  68.31
    3.851846     1.077924  -1.4642   0.3039  5.59         3   1307.4299     19.2561   0.0000000  +0.0000000   4.5125475e+00   2.1053278e+00  -1.9080790e+00     0.751     0.454  70.80
    3.294942    0.7960994  -1.2946   0.2624  3.86         4   1293.3434     18.7619   0.0000000  +0.0000000   4.8091545e+00   2.0211117e+00   1.7389625e+00     0.751     0.445 -74.02
    7.903348    0.9750187  -2.2445   0.1340  3.50         4   1303.2078     55.5810   0.0000000  +0.0000000   3.2762043e+00   1.0429916e+00   1.8666617e+00     1.192     0.526 -70.05
